255 255 255 255 255 255 255 255 255 255 255 255 255 255 255 255
255 255 255 255 255 255 255 255 255 255 255 255 255 255 255 255
255 255   0   0   0   0   0   0   0   0   0   0   0   0 255 255
255 255   0   0   8   8   8   8   8   8   8   8   0   0 255 255
255 255   0   8 255 255 255 255 255 255 255 255   8   0 255 255
255 255   0   8 255  19 255 255 255 255 255 255   8   0 255 255
255 255   0   8 255 255 255 255 255 255 255 255   8   0 255 255
255 255   0   8 255 255 255 255 255 255 255 255   8   0 255 255
255 255   0   8 255 255 255 255 255 255 255 255   8   0 255 255
255 255   0   8 255 255 255 255 255 255 255 255   8   0 255 255
255 255   0   8 255 255 255 255 255 255 255 255   8   0 255 255
255 255   0   8 255 255 255 255 255 255 255 255   8   0 255 255
255 255   0   0   8   8   8   8   8   8   8   8   0   0 255 255
255 255   0   0   0   0   0   0   0   0   0   0   0   0 255 255
255 255 255 255 255 255 255 255 255 255 255 255 255 255 255 255
255 255 255 255 255 255 255 255 255 255 255 255 255 255 255 255
255 255 255 255 255 255 255 255 255 255 255 255 255 255 255 255
255 255 255 255 255 255 255 255 255 255 255 255 255 255 255 255
255 255   0   0   0   0   0   0   0   0   0   0   0   0 255 255
255 255   0   0   8   8   8   8   8   8   8   8   0   0 255 255
255 255   0   8 255 255 255 255 255 255 255 255   8   0 255 255
255 255   0   8 255  19 255 255 255 255 255 255   8   0 255 255
255 255   0   8 255 255 255 255 255 255 255 255   8   0 255 255
255 255   0   8 255 255 255 255 255 255 255 255   8   0 255 255
255 255   0   8 255 255 255 255 255 255 255 255   8   0 255 255
255 255   0   8 255 255 255 255 255 255 255 255   8   0 255 255
255 255   0   8 255 255 255 255 255 255 255 255   8   0 255 255
255 255   0   8 255 255 255 255 255 255 255 255   8   0 255 255
255 255   0   0   8   8   8   8   8   8   8   8   0   0 255 255
255 255   0   0   0   0   0   0   0   0   0   0   0   0 255 255
255 255 255 255 255 255 255 255 255 255 255 255 255 255 255 255
255 255 255 255 255 255 255 255 255 255 255 255 255 255 255 255
255 255 255 255 255 255 255 255 255 255 255 255 255 255 255 255
255 255 255 255 255 255 255 255 255 255 255 255 255 255 255 255
255 255   0   0   0   0   0   0   0   0   0   0   0   0 255 255
255 255   0   0   8   8   8   8   8   8   8   8   0   0 255 255
255 255   0   8 255 255 255 255 255 255 255 255   8   0 255 255
255 255   0   8 255  19 255 255 255 255 255 255   8   0 255 255
255 255   0   8 255 255 255 255 255 255 255 255   8   0 255 255
255 255   0   8 255 255 255 255 255 255 255 255   8   0 255 255
255 255   0   8 255 255 255 255 255 255 255 255   8   0 255 255
255 255   0   8 255 255 255 255 255 255 255 255   8   0 255 255
255 255   0   8 255 255 255 255 255 255 255 255   8   0 255 255
255 255   0   8 255 255 255 255 255 255 255 255   8   0 255 255
255 255   0   0   8   8   8   8   8   8   8   8   0   0 255 255
255 255   0   0   0   0   0   0   0   0   0   0   0   0 255 255
255 255 255 255 255 255 255 255 255 255 255 255 255 255 255 255
255 255 255 255 255 255 255 255 255 255 255 255 255 255 255 255

255 252 249 249 249 249 249 249 249 249 249 249 249 249 252 255
252 190 129 126 126 126 126 126 126 126 126 126 126 129 190 252
249 129  11   5   5   5   5   5   5   5   5   5   5  11 129 249
249 126   5  87 143 149 149 149 149 149 148 142  87   5 126 249
249 126   5 143 233 244 244 244 244 231 216 218 142   5 126 249
249 126   5 149 244 255 255 255 255 234 201 215 148   5 126 249
249 126   5 149 244 255 253 253 254 252 243 238 149   5 126 249
249 126   5 149 244 255 234 211 232 255 255 244 149   5 126 249
249 126   5 149 244 255 239 229 243 255 255 244 149   5 126 249
249 126   5 147 217 235 254 255 255 255 255 244 149   5 126 249
249 126   5 144 177 203 251 255 255 255 255 244 149   5 126 249
249 126   5 141 212 227 243 244 244 244 244 233 143   5 126 249
249 126   5  87 143 149 149 149 149 149 149 143  87   5 126 249
249 129  11   5   5   5   5   5   5   5   5   5   5  11 129 249
252 190 129 126 126 126 126 126 126 126 126 126 126 129 190 252
255 252 249 249 249 249 249 249 249 249 249 249 249 249 252 255
255 252 249 249 249 249 249 249 249 249 249 249 249 249 252 255
252 190 129 126 126 126 126 126 126 126 126 126 126 129 190 252
249 129  11   5   5   5   5   5   5   5   5   5   5  11 129 249
249 126   5  87 143 149 149 149 149 149 148 142  87   5 126 249
249 126   5 143 233 244 244 244 244 231 216 218 142   5 126 249
249 126   5 149 244 255 255 255 255 234 201 215 148   5 126 249
249 126   5 149 244 255 253 253 254 252 243 238 149   5 126 249
249 126   5 149 244 255 234 211 232 255 255 244 149   5 126 249
249 126   5 149 244 255 239 229 243 255 255 244 149   5 126 249
249 126   5 147 217 235 254 255 255 255 255 244 149   5 126 249
249 126   5 144 177 203 251 255 255 255 255 244 149   5 126 249
249 126   5 141 212 227 243 244 244 244 244 233 143   5 126 249
249 126   5  87 143 149 149 149 149 149 149 143  87   5 126 249
249 129  11   5   5   5   5   5   5   5   5   5   5  11 129 249
252 190 129 126 126 126 126 126 126 126 126 126 126 129 190 252
255 252 249 249 249 249 249 249 249 249 249 249 249 249 252 255
255 252 249 249 249 249 249 249 249 249 249 249 249 249 252 255
252 190 129 126 126 126 126 126 126 126 126 126 126 129 190 252
249 129  11   5   5   5   5   5   5   5   5   5   5  11 129 249
249 126   5  87 143 149 149 149 149 149 148 142  87   5 126 249
249 126   5 143 233 244 244 244 244 231 216 218 142   5 126 249
249 126   5 149 244 255 255 255 255 234 201 215 148   5 126 249
249 126   5 149 244 255 253 253 254 252 243 238 149   5 126 249
249 126   5 149 244 255 234 211 232 255 255 244 149   5 126 249
249 126   5 149 244 255 239 229 243 255 255 244 149   5 126 249
249 126   5 147 217 235 254 255 255 255 255 244 149   5 126 249
249 126   5 144 177 203 251 255 255 255 255 244 149   5 126 249
249 126   5 141 212 227 243 244 244 244 244 233 143   5 126 249
249 126   5  87 143 149 149 149 149 149 149 143  87   5 126 249
249 129  11   5   5   5   5   5   5   5   5   5   5  11 129 249
252 190 129 126 126 126 126 126 126 126 126 126 126 129 190 252
255 252 249 249 249 249 249 249 249 249 249 249 249 249 252 255

255 252 249 249 249 249 249 249 249 249 249 249 249 249 252 255
252 190 129 126 126 126 126 126 126 126 126 126 126 129 190 252
249 129  11   5   5   5   5   5   5   5   5   5   5  11 129 249
249 126   5  87 142 148 149 149 149 149 149 143  87   5 126 249
249 126   5 142 218 215 238 244 244 244 244 233 143   5 126 249
249 126   5 148 216 201 243 255 255 255 255 244 149   5 126 249
249 126   5 149 231 234 252 255 255 255 255 244 149   5 126 249
249 126   5 149 244 255 254 232 243 255 255 244 149   5 126 249
249 126   5 149 244 255 253 211 229 255 255 244 149   5 126 249
249 126   5 149 244 255 253 234 239 254 251 243 149   5 126 249
249 126   5 149 244 255 255 255 255 235 203 227 149   5 126 249
249 126   5 143 233 244 244 244 244 217 177 212 143   5 126 249
249 126   5  87 143 149 149 149 149 147 144 141  87   5 126 249
249 129  11   5   5   5   5   5   5   5   5   5   5  11 129 249
252 190 129 126 126 126 126 126 126 126 126 126 126 129 190 252
255 252 249 249 249 249 249 249 249 249 249 249 249 249 252 255
255 252 249 249 249 249 249 249 249 249 249 249 249 249 252 255
252 190 129 126 126 126 126 126 126 126 126 126 126 129 190 252
249 129  11   5   5   5   5   5   5   5   5   5   5  11 129 249
249 126   5  87 142 148 149 149 149 149 149 143  87   5 126 249
249 126   5 142 218 215 238 244 244 244 244 233 143   5 126 249
249 126   5 148 216 201 243 255 255 255 255 244 149   5 126 249
249 126   5 149 231 234 252 255 255 255 255 244 149   5 126 249
249 126   5 149 244 255 254 232 243 255 255 244 149   5 126 249
249 126   5 149 244 255 253 211 229 255 255 244 149   5 126 249
249 126   5 149 244 255 253 234 239 254 251 243 149   5 126 249
249 126   5 149 244 255 255 255 255 235 203 227 149   5 126 249
249 126   5 143 233 244 244 244 244 217 177 212 143   5 126 249
249 126   5  87 143 149 149 149 149 147 144 141  87   5 126 249
249 129  11   5   5   5   5   5   5   5   5   5   5  11 129 249
252 190 129 126 126 126 126 126 126 126 126 126 126 129 190 252
255 252 249 249 249 249 249 249 249 249 249 249 249 249 252 255
255 252 249 249 249 249 249 249 249 249 249 249 249 249 252 255
252 190 129 126 126 126 126 126 126 126 126 126 126 129 190 252
249 129  11   5   5   5   5   5   5   5   5   5   5  11 129 249
249 126   5  87 142 148 149 149 149 149 149 143  87   5 126 249
249 126   5 142 218 215 238 244 244 244 244 233 143   5 126 249
249 126   5 148 216 201 243 255 255 255 255 244 149   5 126 249
249 126   5 149 231 234 252 255 255 255 255 244 149   5 126 249
249 126   5 149 244 255 254 232 243 255 255 244 149   5 126 249
249 126   5 149 244 255 253 211 229 255 255 244 149   5 126 249
249 126   5 149 244 255 253 234 239 254 251 243 149   5 126 249
249 126   5 149 244 255 255 255 255 235 203 227 149   5 126 249
249 126   5 143 233 244 244 244 244 217 177 212 143   5 126 249
249 126   5  87 143 149 149 149 149 147 144 141  87   5 126 249
249 129  11   5   5   5   5   5   5   5   5   5   5  11 129 249
252 190 129 126 126 126 126 126 126 126 126 126 126 129 190 252
255 252 249 249 249 249 249 249 249 249 249 249 249 249 252 255

255 252 249 249 249 249 249 249 249 249 249 249 249 249 252 255
252 190 129 126 126 126 126 126 126 126 126 126 126 129 190 252
249 129  11   5   5   5   5   5   5   5   5   5   5  11 129 249
249 126   5  87 143 149 149 149 149 149 149 143  87   5 126 249
249 126   5 143 233 244 244 244 244 243 227 212 141   5 126 249
249 126   5 149 244 255 255 255 255 251 203 177 144   5 126 249
249 126   5 149 244 255 255 255 255 254 235 217 147   5 126 249
249 126   5 149 244 255 255 243 229 239 255 244 149   5 126 249
249 126   5 149 244 255 255 232 211 234 255 244 149   5 126 249
249 126   5 149 238 243 252 254 253 253 255 244 149   5 126 249
249 126   5 148 215 201 234 255 255 255 255 244 149   5 126 249
249 126   5 142 218 216 231 244 244 244 244 233 143   5 126 249
249 126   5  87 142 148 149 149 149 149 149 143  87   5 126 249
249 129  11   5   5   5   5   5   5   5   5   5   5  11 129 249
252 190 129 126 126 126 126 126 126 126 126 126 126 129 190 252
255 252 249 249 249 249 249 249 249 249 249 249 249 249 252 255
255 252 249 249 249 249 249 249 249 249 249 249 249 249 252 255
252 190 129 126 126 126 126 126 126 126 126 126 126 129 190 252
249 129  11   5   5   5   5   5   5   5   5   5   5  11 129 249
249 126   5  87 143 149 149 149 149 149 149 143  87   5 126 249
249 126   5 143 233 244 244 244 244 243 227 212 141   5 126 249
249 126   5 149 244 255 255 255 255 251 203 177 144   5 126 249
249 126   5 149 244 255 255 255 255 254 235 217 147   5 126 249
249 126   5 149 244 255 255 243 229 239 255 244 149   5 126 249
249 126   5 149 244 255 255 232 211 234 255 244 149   5 126 249
249 126   5 149 238 243 252 254 253 253 255 244 149   5 126 249
249 126   5 148 215 201 234 255 255 255 255 244 149   5 126 249
249 126   5 142 218 216 231 244 244 244 244 233 143   5 126 249
249 126   5  87 142 148 149 149 149 149 149 143  87   5 126 249
249 129  11   5   5   5   5   5   5   5   5   5   5  11 129 249
252 190 129 126 126 126 126 126 126 126 126 126 126 129 190 252
255 252 249 249 249 249 249 249 249 249 249 249 249 249 252 255
255 252 249 249 249 249 249 249 249 249 249 249 249 249 252 255
252 190 129 126 126 126 126 126 126 126 126 126 126 129 190 252
249 129  11   5   5   5   5   5   5   5   5   5   5  11 129 249
249 126   5  87 143 149 149 149 149 149 149 143  87   5 126 249
249 126   5 143 233 244 244 244 244 243 227 212 141   5 126 249
249 126   5 149 244 255 255 255 255 251 203 177 144   5 126 249
249 126   5 149 244 255 255 255 255 254 235 217 147   5 126 249
249 126   5 149 244 255 255 243 229 239 255 244 149   5 126 249
249 126   5 149 244 255 255 232 211 234 255 244 149   5 126 249
249 126   5 149 238 243 252 254 253 253 255 244 149   5 126 249
249 126   5 148 215 201 234 255 255 255 255 244 149   5 126 249
249 126   5 142 218 216 231 244 244 244 244 233 143   5 126 249
249 126   5  87 142 148 149 149 149 149 149 143  87   5 126 249
249 129  11   5   5   5   5   5   5   5   5   5   5  11 129 249
252 190 129 126 126 126 126 126 126 126 126 126 126 129 190 252
255 252 249 249 249 249 249 249 249 249 249 249 249 249 252 255
